X=['F1', 'F4', 'F7']
app_MMS_X.data_min_=[168.0, 3.206, 3509.92]
app_MMS_X.data_max_=[8414.98, 4.257, 14986.88]
y=['F2', 'F3', 'F5', 'F6', 'RUL']
app_mms_y.data_min_=[144.6785714291036, 3.65, -70.7626667059958, 44.32, 1.0]
app_mms_y.data_max_=[1435.0080000000053, 4.255, 5508.993000000002, 13780.12, 1133.0]
